1
100 5050
1 1 -1633379
1 2 9559
1 3 18876
1 4 26499
1 5 20328
1 6 29403
1 7 7623
1 8 17061
1 9 22506
1 10 19481
1 11 9438
1 12 16698
1 13 121
1 14 21780
1 15 2420
1 16 20570
1 17 847
1 18 605
1 19 5929
1 20 13310
1 21 2662
1 22 28314
1 23 6171
1 24 18634
1 25 22990
1 26 7260
1 27 12100
1 28 16577
1 29 18029
1 30 29645
1 31 9196
1 32 3146
1 33 6655
1 34 13794
1 35 15004
1 36 12584
1 37 29524
1 38 29766
1 39 19360
1 40 17424
1 41 22506
1 42 19481
1 43 27346
1 44 21417
1 45 21417
1 46 6050
1 47 23595
1 48 13552
1 49 28798
1 50 28677
1 51 19723
1 52 28314
1 53 12221
1 54 4356
1 55 29524
1 56 5929
1 57 12826
1 58 21780
1 59 8228
1 60 21175
1 61 21538
1 62 15972
1 63 23716
1 64 30250
1 65 15488
1 66 19602
1 67 12947
1 68 18029
1 69 8591
1 70 22264
1 71 28193
1 72 14520
1 73 23111
1 74 26862
1 75 27467
1 76 14278
1 77 1936
1 78 20812
1 79 30492
1 80 5324
1 81 4961
1 82 22627
1 83 10164
1 84 1210
1 85 29887
1 86 13915
1 87 27951
1 88 4356
1 89 22264
1 90 16335
1 91 24563
1 92 5324
1 93 27588
1 94 23111
1 95 13552
1 96 7744
1 97 484
1 98 25773
1 99 9680
1 100 1694
2 2 -1069739
2 3 12324
2 4 17301
2 5 13272
2 6 19197
2 7 4977
2 8 11139
2 9 14694
2 10 12719
2 11 6162
2 12 10902
2 13 79
2 14 14220
2 15 1580
2 16 13430
2 17 553
2 18 395
2 19 3871
2 20 8690
2 21 1738
2 22 18486
2 23 4029
2 24 12166
2 25 15010
2 26 4740
2 27 7900
2 28 10823
2 29 11771
2 30 19355
2 31 6004
2 32 2054
2 33 4345
2 34 9006
2 35 9796
2 36 8216
2 37 19276
2 38 19434
2 39 12640
2 40 11376
2 41 14694
2 42 12719
2 43 17854
2 44 13983
2 45 13983
2 46 3950
2 47 15405
2 48 8848
2 49 18802
2 50 18723
2 51 12877
2 52 18486
2 53 7979
2 54 2844
2 55 19276
2 56 3871
2 57 8374
2 58 14220
2 59 5372
2 60 13825
2 61 14062
2 62 10428
2 63 15484
2 64 19750
2 65 10112
2 66 12798
2 67 8453
2 68 11771
2 69 5609
2 70 14536
2 71 18407
2 72 9480
2 73 15089
2 74 17538
2 75 17933
2 76 9322
2 77 1264
2 78 13588
2 79 19908
2 80 3476
2 81 3239
2 82 14773
2 83 6636
2 84 790
2 85 19513
2 86 9085
2 87 18249
2 88 2844
2 89 14536
2 90 10665
2 91 16037
2 92 3476
2 93 18012
2 94 15089
2 95 8848
2 96 5056
2 97 316
2 98 16827
2 99 6320
2 100 1106
3 3 -2100384
3 4 34164
3 5 26208
3 6 37908
3 7 9828
3 8 21996
3 9 29016
3 10 25116
3 11 12168
3 12 21528
3 13 156
3 14 28080
3 15 3120
3 16 26520
3 17 1092
3 18 780
3 19 7644
3 20 17160
3 21 3432
3 22 36504
3 23 7956
3 24 24024
3 25 29640
3 26 9360
3 27 15600
3 28 21372
3 29 23244
3 30 38220
3 31 11856
3 32 4056
3 33 8580
3 34 17784
3 35 19344
3 36 16224
3 37 38064
3 38 38376
3 39 24960
3 40 22464
3 41 29016
3 42 25116
3 43 35256
3 44 27612
3 45 27612
3 46 7800
3 47 30420
3 48 17472
3 49 37128
3 50 36972
3 51 25428
3 52 36504
3 53 15756
3 54 5616
3 55 38064
3 56 7644
3 57 16536
3 58 28080
3 59 10608
3 60 27300
3 61 27768
3 62 20592
3 63 30576
3 64 39000
3 65 19968
3 66 25272
3 67 16692
3 68 23244
3 69 11076
3 70 28704
3 71 36348
3 72 18720
3 73 29796
3 74 34632
3 75 35412
3 76 18408
3 77 2496
3 78 26832
3 79 39312
3 80 6864
3 81 6396
3 82 29172
3 83 13104
3 84 1560
3 85 38532
3 86 17940
3 87 36036
3 88 5616
3 89 28704
3 90 21060
3 91 31668
3 92 6864
3 93 35568
3 94 29796
3 95 17472
3 96 9984
3 97 624
3 98 33228
3 99 12480
3 100 2184
4 4 -2934819
4 5 36792
4 6 53217
4 7 13797
4 8 30879
4 9 40734
4 10 35259
4 11 17082
4 12 30222
4 13 219
4 14 39420
4 15 4380
4 16 37230
4 17 1533
4 18 1095
4 19 10731
4 20 24090
4 21 4818
4 22 51246
4 23 11169
4 24 33726
4 25 41610
4 26 13140
4 27 21900
4 28 30003
4 29 32631
4 30 53655
4 31 16644
4 32 5694
4 33 12045
4 34 24966
4 35 27156
4 36 22776
4 37 53436
4 38 53874
4 39 35040
4 40 31536
4 41 40734
4 42 35259
4 43 49494
4 44 38763
4 45 38763
4 46 10950
4 47 42705
4 48 24528
4 49 52122
4 50 51903
4 51 35697
4 52 51246
4 53 22119
4 54 7884
4 55 53436
4 56 10731
4 57 23214
4 58 39420
4 59 14892
4 60 38325
4 61 38982
4 62 28908
4 63 42924
4 64 54750
4 65 28032
4 66 35478
4 67 23433
4 68 32631
4 69 15549
4 70 40296
4 71 51027
4 72 26280
4 73 41829
4 74 48618
4 75 49713
4 76 25842
4 77 3504
4 78 37668
4 79 55188
4 80 9636
4 81 8979
4 82 40953
4 83 18396
4 84 2190
4 85 54093
4 86 25185
4 87 50589
4 88 7884
4 89 40296
4 90 29565
4 91 44457
4 92 9636
4 93 49932
4 94 41829
4 95 24528
4 96 14016
4 97 876
4 98 46647
4 99 17520
4 100 3066
5 5 -2259936
5 6 40824
5 7 10584
5 8 23688
5 9 31248
5 10 27048
5 11 13104
5 12 23184
5 13 168
5 14 30240
5 15 3360
5 16 28560
5 17 1176
5 18 840
5 19 8232
5 20 18480
5 21 3696
5 22 39312
5 23 8568
5 24 25872
5 25 31920
5 26 10080
5 27 16800
5 28 23016
5 29 25032
5 30 41160
5 31 12768
5 32 4368
5 33 9240
5 34 19152
5 35 20832
5 36 17472
5 37 40992
5 38 41328
5 39 26880
5 40 24192
5 41 31248
5 42 27048
5 43 37968
5 44 29736
5 45 29736
5 46 8400
5 47 32760
5 48 18816
5 49 39984
5 50 39816
5 51 27384
5 52 39312
5 53 16968
5 54 6048
5 55 40992
5 56 8232
5 57 17808
5 58 30240
5 59 11424
5 60 29400
5 61 29904
5 62 22176
5 63 32928
5 64 42000
5 65 21504
5 66 27216
5 67 17976
5 68 25032
5 69 11928
5 70 30912
5 71 39144
5 72 20160
5 73 32088
5 74 37296
5 75 38136
5 76 19824
5 77 2688
5 78 28896
5 79 42336
5 80 7392
5 81 6888
5 82 31416
5 83 14112
5 84 1680
5 85 41496
5 86 19320
5 87 38808
5 88 6048
5 89 30912
5 90 22680
5 91 34104
5 92 7392
5 93 38304
5 94 32088
5 95 18816
5 96 10752
5 97 672
5 98 35784
5 99 13440
5 100 2352
6 6 -3250611
6 7 15309
6 8 34263
6 9 45198
6 10 39123
6 11 18954
6 12 33534
6 13 243
6 14 43740
6 15 4860
6 16 41310
6 17 1701
6 18 1215
6 19 11907
6 20 26730
6 21 5346
6 22 56862
6 23 12393
6 24 37422
6 25 46170
6 26 14580
6 27 24300
6 28 33291
6 29 36207
6 30 59535
6 31 18468
6 32 6318
6 33 13365
6 34 27702
6 35 30132
6 36 25272
6 37 59292
6 38 59778
6 39 38880
6 40 34992
6 41 45198
6 42 39123
6 43 54918
6 44 43011
6 45 43011
6 46 12150
6 47 47385
6 48 27216
6 49 57834
6 50 57591
6 51 39609
6 52 56862
6 53 24543
6 54 8748
6 55 59292
6 56 11907
6 57 25758
6 58 43740
6 59 16524
6 60 42525
6 61 43254
6 62 32076
6 63 47628
6 64 60750
6 65 31104
6 66 39366
6 67 26001
6 68 36207
6 69 17253
6 70 44712
6 71 56619
6 72 29160
6 73 46413
6 74 53946
6 75 55161
6 76 28674
6 77 3888
6 78 41796
6 79 61236
6 80 10692
6 81 9963
6 82 45441
6 83 20412
6 84 2430
6 85 60021
6 86 27945
6 87 56133
6 88 8748
6 89 44712
6 90 32805
6 91 49329
6 92 10692
6 93 55404
6 94 46413
6 95 27216
6 96 15552
6 97 972
6 98 51759
6 99 19440
6 100 3402
7 7 -854091
7 8 8883
7 9 11718
7 10 10143
7 11 4914
7 12 8694
7 13 63
7 14 11340
7 15 1260
7 16 10710
7 17 441
7 18 315
7 19 3087
7 20 6930
7 21 1386
7 22 14742
7 23 3213
7 24 9702
7 25 11970
7 26 3780
7 27 6300
7 28 8631
7 29 9387
7 30 15435
7 31 4788
7 32 1638
7 33 3465
7 34 7182
7 35 7812
7 36 6552
7 37 15372
7 38 15498
7 39 10080
7 40 9072
7 41 11718
7 42 10143
7 43 14238
7 44 11151
7 45 11151
7 46 3150
7 47 12285
7 48 7056
7 49 14994
7 50 14931
7 51 10269
7 52 14742
7 53 6363
7 54 2268
7 55 15372
7 56 3087
7 57 6678
7 58 11340
7 59 4284
7 60 11025
7 61 11214
7 62 8316
7 63 12348
7 64 15750
7 65 8064
7 66 10206
7 67 6741
7 68 9387
7 69 4473
7 70 11592
7 71 14679
7 72 7560
7 73 12033
7 74 13986
7 75 14301
7 76 7434
7 77 1008
7 78 10836
7 79 15876
7 80 2772
7 81 2583
7 82 11781
7 83 5292
7 84 630
7 85 15561
7 86 7245
7 87 14553
7 88 2268
7 89 11592
7 90 8505
7 91 12789
7 92 2772
7 93 14364
7 94 12033
7 95 7056
7 96 4032
7 97 252
7 98 13419
7 99 5040
7 100 882
8 8 -1900539
8 9 26226
8 10 22701
8 11 10998
8 12 19458
8 13 141
8 14 25380
8 15 2820
8 16 23970
8 17 987
8 18 705
8 19 6909
8 20 15510
8 21 3102
8 22 32994
8 23 7191
8 24 21714
8 25 26790
8 26 8460
8 27 14100
8 28 19317
8 29 21009
8 30 34545
8 31 10716
8 32 3666
8 33 7755
8 34 16074
8 35 17484
8 36 14664
8 37 34404
8 38 34686
8 39 22560
8 40 20304
8 41 26226
8 42 22701
8 43 31866
8 44 24957
8 45 24957
8 46 7050
8 47 27495
8 48 15792
8 49 33558
8 50 33417
8 51 22983
8 52 32994
8 53 14241
8 54 5076
8 55 34404
8 56 6909
8 57 14946
8 58 25380
8 59 9588
8 60 24675
8 61 25098
8 62 18612
8 63 27636
8 64 35250
8 65 18048
8 66 22842
8 67 15087
8 68 21009
8 69 10011
8 70 25944
8 71 32853
8 72 16920
8 73 26931
8 74 31302
8 75 32007
8 76 16638
8 77 2256
8 78 24252
8 79 35532
8 80 6204
8 81 5781
8 82 26367
8 83 11844
8 84 1410
8 85 34827
8 86 16215
8 87 32571
8 88 5076
8 89 25944
8 90 19035
8 91 28623
8 92 6204
8 93 32148
8 94 26931
8 95 15792
8 96 9024
8 97 564
8 98 30033
8 99 11280
8 100 1974
9 9 -2498724
9 10 29946
9 11 14508
9 12 25668
9 13 186
9 14 33480
9 15 3720
9 16 31620
9 17 1302
9 18 930
9 19 9114
9 20 20460
9 21 4092
9 22 43524
9 23 9486
9 24 28644
9 25 35340
9 26 11160
9 27 18600
9 28 25482
9 29 27714
9 30 45570
9 31 14136
9 32 4836
9 33 10230
9 34 21204
9 35 23064
9 36 19344
9 37 45384
9 38 45756
9 39 29760
9 40 26784
9 41 34596
9 42 29946
9 43 42036
9 44 32922
9 45 32922
9 46 9300
9 47 36270
9 48 20832
9 49 44268
9 50 44082
9 51 30318
9 52 43524
9 53 18786
9 54 6696
9 55 45384
9 56 9114
9 57 19716
9 58 33480
9 59 12648
9 60 32550
9 61 33108
9 62 24552
9 63 36456
9 64 46500
9 65 23808
9 66 30132
9 67 19902
9 68 27714
9 69 13206
9 70 34224
9 71 43338
9 72 22320
9 73 35526
9 74 41292
9 75 42222
9 76 21948
9 77 2976
9 78 31992
9 79 46872
9 80 8184
9 81 7626
9 82 34782
9 83 15624
9 84 1860
9 85 45942
9 86 21390
9 87 42966
9 88 6696
9 89 34224
9 90 25110
9 91 37758
9 92 8184
9 93 42408
9 94 35526
9 95 20832
9 96 11904
9 97 744
9 98 39618
9 99 14880
9 100 2604
10 10 -2166899
10 11 12558
10 12 22218
10 13 161
10 14 28980
10 15 3220
10 16 27370
10 17 1127
10 18 805
10 19 7889
10 20 17710
10 21 3542
10 22 37674
10 23 8211
10 24 24794
10 25 30590
10 26 9660
10 27 16100
10 28 22057
10 29 23989
10 30 39445
10 31 12236
10 32 4186
10 33 8855
10 34 18354
10 35 19964
10 36 16744
10 37 39284
10 38 39606
10 39 25760
10 40 23184
10 41 29946
10 42 25921
10 43 36386
10 44 28497
10 45 28497
10 46 8050
10 47 31395
10 48 18032
10 49 38318
10 50 38157
10 51 26243
10 52 37674
10 53 16261
10 54 5796
10 55 39284
10 56 7889
10 57 17066
10 58 28980
10 59 10948
10 60 28175
10 61 28658
10 62 21252
10 63 31556
10 64 40250
10 65 20608
10 66 26082
10 67 17227
10 68 23989
10 69 11431
10 70 29624
10 71 37513
10 72 19320
10 73 30751
10 74 35742
10 75 36547
10 76 18998
10 77 2576
10 78 27692
10 79 40572
10 80 7084
10 81 6601
10 82 30107
10 83 13524
10 84 1610
10 85 39767
10 86 18515
10 87 37191
10 88 5796
10 89 29624
10 90 21735
10 91 32683
10 92 7084
10 93 36708
10 94 30751
10 95 18032
10 96 10304
10 97 644
10 98 34293
10 99 12880
10 100 2254
11 11 -1056276
11 12 10764
11 13 78
11 14 14040
11 15 1560
11 16 13260
11 17 546
11 18 390
11 19 3822
11 20 8580
11 21 1716
11 22 18252
11 23 3978
11 24 12012
11 25 14820
11 26 4680
11 27 7800
11 28 10686
11 29 11622
11 30 19110
11 31 5928
11 32 2028
11 33 4290
11 34 8892
11 35 9672
11 36 8112
11 37 19032
11 38 19188
11 39 12480
11 40 11232
11 41 14508
11 42 12558
11 43 17628
11 44 13806
11 45 13806
11 46 3900
11 47 15210
11 48 8736
11 49 18564
11 50 18486
11 51 12714
11 52 18252
11 53 7878
11 54 2808
11 55 19032
11 56 3822
11 57 8268
11 58 14040
11 59 5304
11 60 13650
11 61 13884
11 62 10296
11 63 15288
11 64 19500
11 65 9984
11 66 12636
11 67 8346
11 68 11622
11 69 5538
11 70 14352
11 71 18174
11 72 9360
11 73 14898
11 74 17316
11 75 17706
11 76 9204
11 77 1248
11 78 13416
11 79 19656
11 80 3432
11 81 3198
11 82 14586
11 83 6552
11 84 780
11 85 19266
11 86 8970
11 87 18018
11 88 2808
11 89 14352
11 90 10530
11 91 15834
11 92 3432
11 93 17784
11 94 14898
11 95 8736
11 96 4992
11 97 312
11 98 16614
11 99 6240
11 100 1092
12 12 -1860516
12 13 138
12 14 24840
12 15 2760
12 16 23460
12 17 966
12 18 690
12 19 6762
12 20 15180
12 21 3036
12 22 32292
12 23 7038
12 24 21252
12 25 26220
12 26 8280
12 27 13800
12 28 18906
12 29 20562
12 30 33810
12 31 10488
12 32 3588
12 33 7590
12 34 15732
12 35 17112
12 36 14352
12 37 33672
12 38 33948
12 39 22080
12 40 19872
12 41 25668
12 42 22218
12 43 31188
12 44 24426
12 45 24426
12 46 6900
12 47 26910
12 48 15456
12 49 32844
12 50 32706
12 51 22494
12 52 32292
12 53 13938
12 54 4968
12 55 33672
12 56 6762
12 57 14628
12 58 24840
12 59 9384
12 60 24150
12 61 24564
12 62 18216
12 63 27048
12 64 34500
12 65 17664
12 66 22356
12 67 14766
12 68 20562
12 69 9798
12 70 25392
12 71 32154
12 72 16560
12 73 26358
12 74 30636
12 75 31326
12 76 16284
12 77 2208
12 78 23736
12 79 34776
12 80 6072
12 81 5658
12 82 25806
12 83 11592
12 84 1380
12 85 34086
12 86 15870
12 87 31878
12 88 4968
12 89 25392
12 90 18630
12 91 28014
12 92 6072
12 93 31464
12 94 26358
12 95 15456
12 96 8832
12 97 552
12 98 29394
12 99 11040
12 100 1932
13 13 -13619
13 14 180
13 15 20
13 16 170
13 17 7
13 18 5
13 19 49
13 20 110
13 21 22
13 22 234
13 23 51
13 24 154
13 25 190
13 26 60
13 27 100
13 28 137
13 29 149
13 30 245
13 31 76
13 32 26
13 33 55
13 34 114
13 35 124
13 36 104
13 37 244
13 38 246
13 39 160
13 40 144
13 41 186
13 42 161
13 43 226
13 44 177
13 45 177
13 46 50
13 47 195
13 48 112
13 49 238
13 50 237
13 51 163
13 52 234
13 53 101
13 54 36
13 55 244
13 56 49
13 57 106
13 58 180
13 59 68
13 60 175
13 61 178
13 62 132
13 63 196
13 64 250
13 65 128
13 66 162
13 67 107
13 68 149
13 69 71
13 70 184
13 71 233
13 72 120
13 73 191
13 74 222
13 75 227
13 76 118
13 77 16
13 78 172
13 79 252
13 80 44
13 81 41
13 82 187
13 83 84
13 84 10
13 85 247
13 86 115
13 87 231
13 88 36
13 89 184
13 90 135
13 91 203
13 92 44
13 93 228
13 94 191
13 95 112
13 96 64
13 97 4
13 98 213
13 99 80
13 100 14
14 14 -2419200
14 15 3600
14 16 30600
14 17 1260
14 18 900
14 19 8820
14 20 19800
14 21 3960
14 22 42120
14 23 9180
14 24 27720
14 25 34200
14 26 10800
14 27 18000
14 28 24660
14 29 26820
14 30 44100
14 31 13680
14 32 4680
14 33 9900
14 34 20520
14 35 22320
14 36 18720
14 37 43920
14 38 44280
14 39 28800
14 40 25920
14 41 33480
14 42 28980
14 43 40680
14 44 31860
14 45 31860
14 46 9000
14 47 35100
14 48 20160
14 49 42840
14 50 42660
14 51 29340
14 52 42120
14 53 18180
14 54 6480
14 55 43920
14 56 8820
14 57 19080
14 58 32400
14 59 12240
14 60 31500
14 61 32040
14 62 23760
14 63 35280
14 64 45000
14 65 23040
14 66 29160
14 67 19260
14 68 26820
14 69 12780
14 70 33120
14 71 41940
14 72 21600
14 73 34380
14 74 39960
14 75 40860
14 76 21240
14 77 2880
14 78 30960
14 79 45360
14 80 7920
14 81 7380
14 82 33660
14 83 15120
14 84 1800
14 85 44460
14 86 20700
14 87 41580
14 88 6480
14 89 33120
14 90 24300
14 91 36540
14 92 7920
14 93 41040
14 94 34380
14 95 20160
14 96 11520
14 97 720
14 98 38340
14 99 14400
14 100 2520
15 15 -272000
15 16 3400
15 17 140
15 18 100
15 19 980
15 20 2200
15 21 440
15 22 4680
15 23 1020
15 24 3080
15 25 3800
15 26 1200
15 27 2000
15 28 2740
15 29 2980
15 30 4900
15 31 1520
15 32 520
15 33 1100
15 34 2280
15 35 2480
15 36 2080
15 37 4880
15 38 4920
15 39 3200
15 40 2880
15 41 3720
15 42 3220
15 43 4520
15 44 3540
15 45 3540
15 46 1000
15 47 3900
15 48 2240
15 49 4760
15 50 4740
15 51 3260
15 52 4680
15 53 2020
15 54 720
15 55 4880
15 56 980
15 57 2120
15 58 3600
15 59 1360
15 60 3500
15 61 3560
15 62 2640
15 63 3920
15 64 5000
15 65 2560
15 66 3240
15 67 2140
15 68 2980
15 69 1420
15 70 3680
15 71 4660
15 72 2400
15 73 3820
15 74 4440
15 75 4540
15 76 2360
15 77 320
15 78 3440
15 79 5040
15 80 880
15 81 820
15 82 3740
15 83 1680
15 84 200
15 85 4940
15 86 2300
15 87 4620
15 88 720
15 89 3680
15 90 2700
15 91 4060
15 92 880
15 93 4560
15 94 3820
15 95 2240
15 96 1280
15 97 80
15 98 4260
15 99 1600
15 100 280
16 16 -2286500
16 17 1190
16 18 850
16 19 8330
16 20 18700
16 21 3740
16 22 39780
16 23 8670
16 24 26180
16 25 32300
16 26 10200
16 27 17000
16 28 23290
16 29 25330
16 30 41650
16 31 12920
16 32 4420
16 33 9350
16 34 19380
16 35 21080
16 36 17680
16 37 41480
16 38 41820
16 39 27200
16 40 24480
16 41 31620
16 42 27370
16 43 38420
16 44 30090
16 45 30090
16 46 8500
16 47 33150
16 48 19040
16 49 40460
16 50 40290
16 51 27710
16 52 39780
16 53 17170
16 54 6120
16 55 41480
16 56 8330
16 57 18020
16 58 30600
16 59 11560
16 60 29750
16 61 30260
16 62 22440
16 63 33320
16 64 42500
16 65 21760
16 66 27540
16 67 18190
16 68 25330
16 69 12070
16 70 31280
16 71 39610
16 72 20400
16 73 32470
16 74 37740
16 75 38590
16 76 20060
16 77 2720
16 78 29240
16 79 42840
16 80 7480
16 81 6970
16 82 31790
16 83 14280
16 84 1700
16 85 41990
16 86 19550
16 87 39270
16 88 6120
16 89 31280
16 90 22950
16 91 34510
16 92 7480
16 93 38760
16 94 32470
16 95 19040
16 96 10880
16 97 680
16 98 36210
16 99 13600
16 100 2380
17 17 -95291
17 18 35
17 19 343
17 20 770
17 21 154
17 22 1638
17 23 357
17 24 1078
17 25 1330
17 26 420
17 27 700
17 28 959
17 29 1043
17 30 1715
17 31 532
17 32 182
17 33 385
17 34 798
17 35 868
17 36 728
17 37 1708
17 38 1722
17 39 1120
17 40 1008
17 41 1302
17 42 1127
17 43 1582
17 44 1239
17 45 1239
17 46 350
17 47 1365
17 48 784
17 49 1666
17 50 1659
17 51 1141
17 52 1638
17 53 707
17 54 252
17 55 1708
17 56 343
17 57 742
17 58 1260
17 59 476
17 60 1225
17 61 1246
17 62 924
17 63 1372
17 64 1750
17 65 896
17 66 1134
17 67 749
17 68 1043
17 69 497
17 70 1288
17 71 1631
17 72 840
17 73 1337
17 74 1554
17 75 1589
17 76 826
17 77 112
17 78 1204
17 79 1764
17 80 308
17 81 287
17 82 1309
17 83 588
17 84 70
17 85 1729
17 86 805
17 87 1617
17 88 252
17 89 1288
17 90 945
17 91 1421
17 92 308
17 93 1596
17 94 1337
17 95 784
17 96 448
17 97 28
17 98 1491
17 99 560
17 100 98
18 18 -68075
18 19 245
18 20 550
18 21 110
18 22 1170
18 23 255
18 24 770
18 25 950
18 26 300
18 27 500
18 28 685
18 29 745
18 30 1225
18 31 380
18 32 130
18 33 275
18 34 570
18 35 620
18 36 520
18 37 1220
18 38 1230
18 39 800
18 40 720
18 41 930
18 42 805
18 43 1130
18 44 885
18 45 885
18 46 250
18 47 975
18 48 560
18 49 1190
18 50 1185
18 51 815
18 52 1170
18 53 505
18 54 180
18 55 1220
18 56 245
18 57 530
18 58 900
18 59 340
18 60 875
18 61 890
18 62 660
18 63 980
18 64 1250
18 65 640
18 66 810
18 67 535
18 68 745
18 69 355
18 70 920
18 71 1165
18 72 600
18 73 955
18 74 1110
18 75 1135
18 76 590
18 77 80
18 78 860
18 79 1260
18 80 220
18 81 205
18 82 935
18 83 420
18 84 50
18 85 1235
18 86 575
18 87 1155
18 88 180
18 89 920
18 90 675
18 91 1015
18 92 220
18 93 1140
18 94 955
18 95 560
18 96 320
18 97 20
18 98 1065
18 99 400
18 100 70
19 19 -664979
19 20 5390
19 21 1078
19 22 11466
19 23 2499
19 24 7546
19 25 9310
19 26 2940
19 27 4900
19 28 6713
19 29 7301
19 30 12005
19 31 3724
19 32 1274
19 33 2695
19 34 5586
19 35 6076
19 36 5096
19 37 11956
19 38 12054
19 39 7840
19 40 7056
19 41 9114
19 42 7889
19 43 11074
19 44 8673
19 45 8673
19 46 2450
19 47 9555
19 48 5488
19 49 11662
19 50 11613
19 51 7987
19 52 11466
19 53 4949
19 54 1764
19 55 11956
19 56 2401
19 57 5194
19 58 8820
19 59 3332
19 60 8575
19 61 8722
19 62 6468
19 63 9604
19 64 12250
19 65 6272
19 66 7938
19 67 5243
19 68 7301
19 69 3479
19 70 9016
19 71 11417
19 72 5880
19 73 9359
19 74 10878
19 75 11123
19 76 5782
19 77 784
19 78 8428
19 79 12348
19 80 2156
19 81 2009
19 82 9163
19 83 4116
19 84 490
19 85 12103
19 86 5635
19 87 11319
19 88 1764
19 89 9016
19 90 6615
19 91 9947
19 92 2156
19 93 11172
19 94 9359
19 95 5488
19 96 3136
19 97 196
19 98 10437
19 99 3920
19 100 686
20 20 -1486100
20 21 2420
20 22 25740
20 23 5610
20 24 16940
20 25 20900
20 26 6600
20 27 11000
20 28 15070
20 29 16390
20 30 26950
20 31 8360
20 32 2860
20 33 6050
20 34 12540
20 35 13640
20 36 11440
20 37 26840
20 38 27060
20 39 17600
20 40 15840
20 41 20460
20 42 17710
20 43 24860
20 44 19470
20 45 19470
20 46 5500
20 47 21450
20 48 12320
20 49 26180
20 50 26070
20 51 17930
20 52 25740
20 53 11110
20 54 3960
20 55 26840
20 56 5390
20 57 11660
20 58 19800
20 59 7480
20 60 19250
20 61 19580
20 62 14520
20 63 21560
20 64 27500
20 65 14080
20 66 17820
20 67 11770
20 68 16390
20 69 7810
20 70 20240
20 71 25630
20 72 13200
20 73 21010
20 74 24420
20 75 24970
20 76 12980
20 77 1760
20 78 18920
20 79 27720
20 80 4840
20 81 4510
20 82 20570
20 83 9240
20 84 1100
20 85 27170
20 86 12650
20 87 25410
20 88 3960
20 89 20240
20 90 14850
20 91 22330
20 92 4840
20 93 25080
20 94 21010
20 95 12320
20 96 7040
20 97 440
20 98 23430
20 99 8800
20 100 1540
21 21 -299156
21 22 5148
21 23 1122
21 24 3388
21 25 4180
21 26 1320
21 27 2200
21 28 3014
21 29 3278
21 30 5390
21 31 1672
21 32 572
21 33 1210
21 34 2508
21 35 2728
21 36 2288
21 37 5368
21 38 5412
21 39 3520
21 40 3168
21 41 4092
21 42 3542
21 43 4972
21 44 3894
21 45 3894
21 46 1100
21 47 4290
21 48 2464
21 49 5236
21 50 5214
21 51 3586
21 52 5148
21 53 2222
21 54 792
21 55 5368
21 56 1078
21 57 2332
21 58 3960
21 59 1496
21 60 3850
21 61 3916
21 62 2904
21 63 4312
21 64 5500
21 65 2816
21 66 3564
21 67 2354
21 68 3278
21 69 1562
21 70 4048
21 71 5126
21 72 2640
21 73 4202
21 74 4884
21 75 4994
21 76 2596
21 77 352
21 78 3784
21 79 5544
21 80 968
21 81 902
21 82 4114
21 83 1848
21 84 220
21 85 5434
21 86 2530
21 87 5082
21 88 792
21 89 4048
21 90 2970
21 91 4466
21 92 968
21 93 5016
21 94 4202
21 95 2464
21 96 1408
21 97 88
21 98 4686
21 99 1760
21 100 308
22 22 -3132324
22 23 11934
22 24 36036
22 25 44460
22 26 14040
22 27 23400
22 28 32058
22 29 34866
22 30 57330
22 31 17784
22 32 6084
22 33 12870
22 34 26676
22 35 29016
22 36 24336
22 37 57096
22 38 57564
22 39 37440
22 40 33696
22 41 43524
22 42 37674
22 43 52884
22 44 41418
22 45 41418
22 46 11700
22 47 45630
22 48 26208
22 49 55692
22 50 55458
22 51 38142
22 52 54756
22 53 23634
22 54 8424
22 55 57096
22 56 11466
22 57 24804
22 58 42120
22 59 15912
22 60 40950
22 61 41652
22 62 30888
22 63 45864
22 64 58500
22 65 29952
22 66 37908
22 67 25038
22 68 34866
22 69 16614
22 70 43056
22 71 54522
22 72 28080
22 73 44694
22 74 51948
22 75 53118
22 76 27612
22 77 3744
22 78 40248
22 79 58968
22 80 10296
22 81 9594
22 82 43758
22 83 19656
22 84 2340
22 85 57798
22 86 26910
22 87 54054
22 88 8424
22 89 43056
22 90 31590
22 91 47502
22 92 10296
22 93 53352
22 94 44694
22 95 26208
22 96 14976
22 97 936
22 98 49842
22 99 18720
22 100 3276
23 23 -692019
23 24 7854
23 25 9690
23 26 3060
23 27 5100
23 28 6987
23 29 7599
23 30 12495
23 31 3876
23 32 1326
23 33 2805
23 34 5814
23 35 6324
23 36 5304
23 37 12444
23 38 12546
23 39 8160
23 40 7344
23 41 9486
23 42 8211
23 43 11526
23 44 9027
23 45 9027
23 46 2550
23 47 9945
23 48 5712
23 49 12138
23 50 12087
23 51 8313
23 52 11934
23 53 5151
23 54 1836
23 55 12444
23 56 2499
23 57 5406
23 58 9180
23 59 3468
23 60 8925
23 61 9078
23 62 6732
23 63 9996
23 64 12750
23 65 6528
23 66 8262
23 67 5457
23 68 7599
23 69 3621
23 70 9384
23 71 11883
23 72 6120
23 73 9741
23 74 11322
23 75 11577
23 76 6018
23 77 816
23 78 8772
23 79 12852
23 80 2244
23 81 2091
23 82 9537
23 83 4284
23 84 510
23 85 12597
23 86 5865
23 87 11781
23 88 1836
23 89 9384
23 90 6885
23 91 10353
23 92 2244
23 93 11628
23 94 9741
23 95 5712
23 96 3264
23 97 204
23 98 10863
23 99 4080
23 100 714
24 24 -2073764
24 25 29260
24 26 9240
24 27 15400
24 28 21098
24 29 22946
24 30 37730
24 31 11704
24 32 4004
24 33 8470
24 34 17556
24 35 19096
24 36 16016
24 37 37576
24 38 37884
24 39 24640
24 40 22176
24 41 28644
24 42 24794
24 43 34804
24 44 27258
24 45 27258
24 46 7700
24 47 30030
24 48 17248
24 49 36652
24 50 36498
24 51 25102
24 52 36036
24 53 15554
24 54 5544
24 55 37576
24 56 7546
24 57 16324
24 58 27720
24 59 10472
24 60 26950
24 61 27412
24 62 20328
24 63 30184
24 64 38500
24 65 19712
24 66 24948
24 67 16478
24 68 22946
24 69 10934
24 70 28336
24 71 35882
24 72 18480
24 73 29414
24 74 34188
24 75 34958
24 76 18172
24 77 2464
24 78 26488
24 79 38808
24 80 6776
24 81 6314
24 82 28798
24 83 12936
24 84 1540
24 85 38038
24 86 17710
24 87 35574
24 88 5544
24 89 28336
24 90 20790
24 91 31262
24 92 6776
24 93 35112
24 94 29414
24 95 17248
24 96 9856
24 97 616
24 98 32802
24 99 12320
24 100 2156
25 25 -2551700
25 26 11400
25 27 19000
25 28 26030
25 29 28310
25 30 46550
25 31 14440
25 32 4940
25 33 10450
25 34 21660
25 35 23560
25 36 19760
25 37 46360
25 38 46740
25 39 30400
25 40 27360
25 41 35340
25 42 30590
25 43 42940
25 44 33630
25 45 33630
25 46 9500
25 47 37050
25 48 21280
25 49 45220
25 50 45030
25 51 30970
25 52 44460
25 53 19190
25 54 6840
25 55 46360
25 56 9310
25 57 20140
25 58 34200
25 59 12920
25 60 33250
25 61 33820
25 62 25080
25 63 37240
25 64 47500
25 65 24320
25 66 30780
25 67 20330
25 68 28310
25 69 13490
25 70 34960
25 71 44270
25 72 22800
25 73 36290
25 74 42180
25 75 43130
25 76 22420
25 77 3040
25 78 32680
25 79 47880
25 80 8360
25 81 7790
25 82 35530
25 83 15960
25 84 1900
25 85 46930
25 86 21850
25 87 43890
25 88 6840
25 89 34960
25 90 25650
25 91 38570
25 92 8360
25 93 43320
25 94 36290
25 95 21280
25 96 12160
25 97 760
25 98 40470
25 99 15200
25 100 2660
26 26 -813600
26 27 6000
26 28 8220
26 29 8940
26 30 14700
26 31 4560
26 32 1560
26 33 3300
26 34 6840
26 35 7440
26 36 6240
26 37 14640
26 38 14760
26 39 9600
26 40 8640
26 41 11160
26 42 9660
26 43 13560
26 44 10620
26 45 10620
26 46 3000
26 47 11700
26 48 6720
26 49 14280
26 50 14220
26 51 9780
26 52 14040
26 53 6060
26 54 2160
26 55 14640
26 56 2940
26 57 6360
26 58 10800
26 59 4080
26 60 10500
26 61 10680
26 62 7920
26 63 11760
26 64 15000
26 65 7680
26 66 9720
26 67 6420
26 68 8940
26 69 4260
26 70 11040
26 71 13980
26 72 7200
26 73 11460
26 74 13320
26 75 13620
26 76 7080
26 77 960
26 78 10320
26 79 15120
26 80 2640
26 81 2460
26 82 11220
26 83 5040
26 84 600
26 85 14820
26 86 6900
26 87 13860
26 88 2160
26 89 11040
26 90 8100
26 91 12180
26 92 2640
26 93 13680
26 94 11460
26 95 6720
26 96 3840
26 97 240
26 98 12780
26 99 4800
26 100 840
27 27 -1352000
27 28 13700
27 29 14900
27 30 24500
27 31 7600
27 32 2600
27 33 5500
27 34 11400
27 35 12400
27 36 10400
27 37 24400
27 38 24600
27 39 16000
27 40 14400
27 41 18600
27 42 16100
27 43 22600
27 44 17700
27 45 17700
27 46 5000
27 47 19500
27 48 11200
27 49 23800
27 50 23700
27 51 16300
27 52 23400
27 53 10100
27 54 3600
27 55 24400
27 56 4900
27 57 10600
27 58 18000
27 59 6800
27 60 17500
27 61 17800
27 62 13200
27 63 19600
27 64 25000
27 65 12800
27 66 16200
27 67 10700
27 68 14900
27 69 7100
27 70 18400
27 71 23300
27 72 12000
27 73 19100
27 74 22200
27 75 22700
27 76 11800
27 77 1600
27 78 17200
27 79 25200
27 80 4400
27 81 4100
27 82 18700
27 83 8400
27 84 1000
27 85 24700
27 86 11500
27 87 23100
27 88 3600
27 89 18400
27 90 13500
27 91 20300
27 92 4400
27 93 22800
27 94 19100
27 95 11200
27 96 6400
27 97 400
27 98 21300
27 99 8000
27 100 1400
28 28 -1847171
28 29 20413
28 30 33565
28 31 10412
28 32 3562
28 33 7535
28 34 15618
28 35 16988
28 36 14248
28 37 33428
28 38 33702
28 39 21920
28 40 19728
28 41 25482
28 42 22057
28 43 30962
28 44 24249
28 45 24249
28 46 6850
28 47 26715
28 48 15344
28 49 32606
28 50 32469
28 51 22331
28 52 32058
28 53 13837
28 54 4932
28 55 33428
28 56 6713
28 57 14522
28 58 24660
28 59 9316
28 60 23975
28 61 24386
28 62 18084
28 63 26852
28 64 34250
28 65 17536
28 66 22194
28 67 14659
28 68 20413
28 69 9727
28 70 25208
28 71 31921
28 72 16440
28 73 26167
28 74 30414
28 75 31099
28 76 16166
28 77 2192
28 78 23564
28 79 34524
28 80 6028
28 81 5617
28 82 25619
28 83 11508
28 84 1370
28 85 33839
28 86 15755
28 87 31647
28 88 4932
28 89 25208
28 90 18495
28 91 27811
28 92 6028
28 93 31236
28 94 26167
28 95 15344
28 96 8768
28 97 548
28 98 29181
28 99 10960
28 100 1918
29 29 -2007179
29 30 36505
29 31 11324
29 32 3874
29 33 8195
29 34 16986
29 35 18476
29 36 15496
29 37 36356
29 38 36654
29 39 23840
29 40 21456
29 41 27714
29 42 23989
29 43 33674
29 44 26373
29 45 26373
29 46 7450
29 47 29055
29 48 16688
29 49 35462
29 50 35313
29 51 24287
29 52 34866
29 53 15049
29 54 5364
29 55 36356
29 56 7301
29 57 15794
29 58 26820
29 59 10132
29 60 26075
29 61 26522
29 62 19668
29 63 29204
29 64 37250
29 65 19072
29 66 24138
29 67 15943
29 68 22201
29 69 10579
29 70 27416
29 71 34717
29 72 17880
29 73 28459
29 74 33078
29 75 33823
29 76 17582
29 77 2384
29 78 25628
29 79 37548
29 80 6556
29 81 6109
29 82 27863
29 83 12516
29 84 1490
29 85 36803
29 86 17135
29 87 34419
29 88 5364
29 89 27416
29 90 20115
29 91 30247
29 92 6556
29 93 33972
29 94 28459
29 95 16688
29 96 9536
29 97 596
29 98 31737
29 99 11920
29 100 2086
30 30 -3276875
30 31 18620
30 32 6370
30 33 13475
30 34 27930
30 35 30380
30 36 25480
30 37 59780
30 38 60270
30 39 39200
30 40 35280
30 41 45570
30 42 39445
30 43 55370
30 44 43365
30 45 43365
30 46 12250
30 47 47775
30 48 27440
30 49 58310
30 50 58065
30 51 39935
30 52 57330
30 53 24745
30 54 8820
30 55 59780
30 56 12005
30 57 25970
30 58 44100
30 59 16660
30 60 42875
30 61 43610
30 62 32340
30 63 48020
30 64 61250
30 65 31360
30 66 39690
30 67 26215
30 68 36505
30 69 17395
30 70 45080
30 71 57085
30 72 29400
30 73 46795
30 74 54390
30 75 55615
30 76 28910
30 77 3920
30 78 42140
30 79 61740
30 80 10780
30 81 10045
30 82 45815
30 83 20580
30 84 2450
30 85 60515
30 86 28175
30 87 56595
30 88 8820
30 89 45080
30 90 33075
30 91 49735
30 92 10780
30 93 55860
30 94 46795
30 95 27440
30 96 15680
30 97 980
30 98 52185
30 99 19600
30 100 3430
31 31 -1029344
31 32 1976
31 33 4180
31 34 8664
31 35 9424
31 36 7904
31 37 18544
31 38 18696
31 39 12160
31 40 10944
31 41 14136
31 42 12236
31 43 17176
31 44 13452
31 45 13452
31 46 3800
31 47 14820
31 48 8512
31 49 18088
31 50 18012
31 51 12388
31 52 17784
31 53 7676
31 54 2736
31 55 18544
31 56 3724
31 57 8056
31 58 13680
31 59 5168
31 60 13300
31 61 13528
31 62 10032
31 63 14896
31 64 19000
31 65 9728
31 66 12312
31 67 8132
31 68 11324
31 69 5396
31 70 13984
31 71 17708
31 72 9120
31 73 14516
31 74 16872
31 75 17252
31 76 8968
31 77 1216
31 78 13072
31 79 19152
31 80 3344
31 81 3116
31 82 14212
31 83 6384
31 84 760
31 85 18772
31 86 8740
31 87 17556
31 88 2736
31 89 13984
31 90 10260
31 91 15428
31 92 3344
31 93 17328
31 94 14516
31 95 8512
31 96 4864
31 97 304
31 98 16188
31 99 6080
31 100 1064
32 32 -353444
32 33 1430
32 34 2964
32 35 3224
32 36 2704
32 37 6344
32 38 6396
32 39 4160
32 40 3744
32 41 4836
32 42 4186
32 43 5876
32 44 4602
32 45 4602
32 46 1300
32 47 5070
32 48 2912
32 49 6188
32 50 6162
32 51 4238
32 52 6084
32 53 2626
32 54 936
32 55 6344
32 56 1274
32 57 2756
32 58 4680
32 59 1768
32 60 4550
32 61 4628
32 62 3432
32 63 5096
32 64 6500
32 65 3328
32 66 4212
32 67 2782
32 68 3874
32 69 1846
32 70 4784
32 71 6058
32 72 3120
32 73 4966
32 74 5772
32 75 5902
32 76 3068
32 77 416
32 78 4472
32 79 6552
32 80 1144
32 81 1066
32 82 4862
32 83 2184
32 84 260
32 85 6422
32 86 2990
32 87 6006
32 88 936
32 89 4784
32 90 3510
32 91 5278
32 92 1144
32 93 5928
32 94 4966
32 95 2912
32 96 1664
32 97 104
32 98 5538
32 99 2080
32 100 364
33 33 -746075
33 34 6270
33 35 6820
33 36 5720
33 37 13420
33 38 13530
33 39 8800
33 40 7920
33 41 10230
33 42 8855
33 43 12430
33 44 9735
33 45 9735
33 46 2750
33 47 10725
33 48 6160
33 49 13090
33 50 13035
33 51 8965
33 52 12870
33 53 5555
33 54 1980
33 55 13420
33 56 2695
33 57 5830
33 58 9900
33 59 3740
33 60 9625
33 61 9790
33 62 7260
33 63 10780
33 64 13750
33 65 7040
33 66 8910
33 67 5885
33 68 8195
33 69 3905
33 70 10120
33 71 12815
33 72 6600
33 73 10505
33 74 12210
33 75 12485
33 76 6490
33 77 880
33 78 9460
33 79 13860
33 80 2420
33 81 2255
33 82 10285
33 83 4620
33 84 550
33 85 13585
33 86 6325
33 87 12705
33 88 1980
33 89 10120
33 90 7425
33 91 11165
33 92 2420
33 93 12540
33 94 10505
33 95 6160
33 96 3520
33 97 220
33 98 11715
33 99 4400
33 100 770
34 34 -1539684
34 35 14136
34 36 11856
34 37 27816
34 38 28044
34 39 18240
34 40 16416
34 41 21204
34 42 18354
34 43 25764
34 44 20178
34 45 20178
34 46 5700
34 47 22230
34 48 12768
34 49 27132
34 50 27018
34 51 18582
34 52 26676
34 53 11514
34 54 4104
34 55 27816
34 56 5586
34 57 12084
34 58 20520
34 59 7752
34 60 19950
34 61 20292
34 62 15048
34 63 22344
34 64 28500
34 65 14592
34 66 18468
34 67 12198
34 68 16986
34 69 8094
34 70 20976
34 71 26562
34 72 13680
34 73 21774
34 74 25308
34 75 25878
34 76 13452
34 77 1824
34 78 19608
34 79 28728
34 80 5016
34 81 4674
34 82 21318
34 83 9576
34 84 1140
34 85 28158
34 86 13110
34 87 26334
34 88 4104
34 89 20976
34 90 15390
34 91 23142
34 92 5016
34 93 25992
34 94 21774
34 95 12768
34 96 7296
34 97 456
34 98 24282
34 99 9120
34 100 1596
35 35 -1673504
35 36 12896
35 37 30256
35 38 30504
35 39 19840
35 40 17856
35 41 23064
35 42 19964
35 43 28024
35 44 21948
35 45 21948
35 46 6200
35 47 24180
35 48 13888
35 49 29512
35 50 29388
35 51 20212
35 52 29016
35 53 12524
35 54 4464
35 55 30256
35 56 6076
35 57 13144
35 58 22320
35 59 8432
35 60 21700
35 61 22072
35 62 16368
35 63 24304
35 64 31000
35 65 15872
35 66 20088
35 67 13268
35 68 18476
35 69 8804
35 70 22816
35 71 28892
35 72 14880
35 73 23684
35 74 27528
35 75 28148
35 76 14632
35 77 1984
35 78 21328
35 79 31248
35 80 5456
35 81 5084
35 82 23188
35 83 10416
35 84 1240
35 85 30628
35 86 14260
35 87 28644
35 88 4464
35 89 22816
35 90 16740
35 91 25172
35 92 5456
35 93 28272
35 94 23684
35 95 13888
35 96 7936
35 97 496
35 98 26412
35 99 9920
35 100 1736
36 36 -1405664
36 37 25376
36 38 25584
36 39 16640
36 40 14976
36 41 19344
36 42 16744
36 43 23504
36 44 18408
36 45 18408
36 46 5200
36 47 20280
36 48 11648
36 49 24752
36 50 24648
36 51 16952
36 52 24336
36 53 10504
36 54 3744
36 55 25376
36 56 5096
36 57 11024
36 58 18720
36 59 7072
36 60 18200
36 61 18512
36 62 13728
36 63 20384
36 64 26000
36 65 13312
36 66 16848
36 67 11128
36 68 15496
36 69 7384
36 70 19136
36 71 24232
36 72 12480
36 73 19864
36 74 23088
36 75 23608
36 76 12272
36 77 1664
36 78 17888
36 79 26208
36 80 4576
36 81 4264
36 82 19448
36 83 8736
36 84 1040
36 85 25688
36 86 11960
36 87 24024
36 88 3744
36 89 19136
36 90 14040
36 91 21112
36 92 4576
36 93 23712
36 94 19864
36 95 11648
36 96 6656
36 97 416
36 98 22152
36 99 8320
36 100 1456
37 37 -3263744
37 38 60024
37 39 39040
37 40 35136
37 41 45384
37 42 39284
37 43 55144
37 44 43188
37 45 43188
37 46 12200
37 47 47580
37 48 27328
37 49 58072
37 50 57828
37 51 39772
37 52 57096
37 53 24644
37 54 8784
37 55 59536
37 56 11956
37 57 25864
37 58 43920
37 59 16592
37 60 42700
37 61 43432
37 62 32208
37 63 47824
37 64 61000
37 65 31232
37 66 39528
37 67 26108
37 68 36356
37 69 17324
37 70 44896
37 71 56852
37 72 29280
37 73 46604
37 74 54168
37 75 55388
37 76 28792
37 77 3904
37 78 41968
37 79 61488
37 80 10736
37 81 10004
37 82 45628
37 83 20496
37 84 2440
37 85 60268
37 86 28060
37 87 56364
37 88 8784
37 89 44896
37 90 32940
37 91 49532
37 92 10736
37 93 55632
37 94 46604
37 95 27328
37 96 15616
37 97 976
37 98 51972
37 99 19520
37 100 3416
38 38 -3290004
38 39 39360
38 40 35424
38 41 45756
38 42 39606
38 43 55596
38 44 43542
38 45 43542
38 46 12300
38 47 47970
38 48 27552
38 49 58548
38 50 58302
38 51 40098
38 52 57564
38 53 24846
38 54 8856
38 55 60024
38 56 12054
38 57 26076
38 58 44280
38 59 16728
38 60 43050
38 61 43788
38 62 32472
38 63 48216
38 64 61500
38 65 31488
38 66 39852
38 67 26322
38 68 36654
38 69 17466
38 70 45264
38 71 57318
38 72 29520
38 73 46986
38 74 54612
38 75 55842
38 76 29028
38 77 3936
38 78 42312
38 79 61992
38 80 10824
38 81 10086
38 82 46002
38 83 20664
38 84 2460
38 85 60762
38 86 28290
38 87 56826
38 88 8856
38 89 45264
38 90 33210
38 91 49938
38 92 10824
38 93 56088
38 94 46986
38 95 27552
38 96 15744
38 97 984
38 98 52398
38 99 19680
38 100 3444
39 39 -2153600
39 40 23040
39 41 29760
39 42 25760
39 43 36160
39 44 28320
39 45 28320
39 46 8000
39 47 31200
39 48 17920
39 49 38080
39 50 37920
39 51 26080
39 52 37440
39 53 16160
39 54 5760
39 55 39040
39 56 7840
39 57 16960
39 58 28800
39 59 10880
39 60 28000
39 61 28480
39 62 21120
39 63 31360
39 64 40000
39 65 20480
39 66 25920
39 67 17120
39 68 23840
39 69 11360
39 70 29440
39 71 37280
39 72 19200
39 73 30560
39 74 35520
39 75 36320
39 76 18880
39 77 2560
39 78 27520
39 79 40320
39 80 7040
39 81 6560
39 82 29920
39 83 13440
39 84 1600
39 85 39520
39 86 18400
39 87 36960
39 88 5760
39 89 29440
39 90 21600
39 91 32480
39 92 7040
39 93 36480
39 94 30560
39 95 17920
39 96 10240
39 97 640
39 98 34080
39 99 12800
39 100 2240
40 40 -1940544
40 41 26784
40 42 23184
40 43 32544
40 44 25488
40 45 25488
40 46 7200
40 47 28080
40 48 16128
40 49 34272
40 50 34128
40 51 23472
40 52 33696
40 53 14544
40 54 5184
40 55 35136
40 56 7056
40 57 15264
40 58 25920
40 59 9792
40 60 25200
40 61 25632
40 62 19008
40 63 28224
40 64 36000
40 65 18432
40 66 23328
40 67 15408
40 68 21456
40 69 10224
40 70 26496
40 71 33552
40 72 17280
40 73 27504
40 74 31968
40 75 32688
40 76 16992
40 77 2304
40 78 24768
40 79 36288
40 80 6336
40 81 5904
40 82 26928
40 83 12096
40 84 1440
40 85 35568
40 86 16560
40 87 33264
40 88 5184
40 89 26496
40 90 19440
40 91 29232
40 92 6336
40 93 32832
40 94 27504
40 95 16128
40 96 9216
40 97 576
40 98 30672
40 99 11520
40 100 2016
41 41 -2498724
41 42 29946
41 43 42036
41 44 32922
41 45 32922
41 46 9300
41 47 36270
41 48 20832
41 49 44268
41 50 44082
41 51 30318
41 52 43524
41 53 18786
41 54 6696
41 55 45384
41 56 9114
41 57 19716
41 58 33480
41 59 12648
41 60 32550
41 61 33108
41 62 24552
41 63 36456
41 64 46500
41 65 23808
41 66 30132
41 67 19902
41 68 27714
41 69 13206
41 70 34224
41 71 43338
41 72 22320
41 73 35526
41 74 41292
41 75 42222
41 76 21948
41 77 2976
41 78 31992
41 79 46872
41 80 8184
41 81 7626
41 82 34782
41 83 15624
41 84 1860
41 85 45942
41 86 21390
41 87 42966
41 88 6696
41 89 34224
41 90 25110
41 91 37758
41 92 8184
41 93 42408
41 94 35526
41 95 20832
41 96 11904
41 97 744
41 98 39618
41 99 14880
41 100 2604
42 42 -2166899
42 43 36386
42 44 28497
42 45 28497
42 46 8050
42 47 31395
42 48 18032
42 49 38318
42 50 38157
42 51 26243
42 52 37674
42 53 16261
42 54 5796
42 55 39284
42 56 7889
42 57 17066
42 58 28980
42 59 10948
42 60 28175
42 61 28658
42 62 21252
42 63 31556
42 64 40250
42 65 20608
42 66 26082
42 67 17227
42 68 23989
42 69 11431
42 70 29624
42 71 37513
42 72 19320
42 73 30751
42 74 35742
42 75 36547
42 76 18998
42 77 2576
42 78 27692
42 79 40572
42 80 7084
42 81 6601
42 82 30107
42 83 13524
42 84 1610
42 85 39767
42 86 18515
42 87 37191
42 88 5796
42 89 29624
42 90 21735
42 91 32683
42 92 7084
42 93 36708
42 94 30751
42 95 18032
42 96 10304
42 97 644
42 98 34293
42 99 12880
42 100 2254
43 43 -3027044
43 44 40002
43 45 40002
43 46 11300
43 47 44070
43 48 25312
43 49 53788
43 50 53562
43 51 36838
43 52 52884
43 53 22826
43 54 8136
43 55 55144
43 56 11074
43 57 23956
43 58 40680
43 59 15368
43 60 39550
43 61 40228
43 62 29832
43 63 44296
43 64 56500
43 65 28928
43 66 36612
43 67 24182
43 68 33674
43 69 16046
43 70 41584
43 71 52658
43 72 27120
43 73 43166
43 74 50172
43 75 51302
43 76 26668
43 77 3616
43 78 38872
43 79 56952
43 80 9944
43 81 9266
43 82 42262
43 83 18984
43 84 2260
43 85 55822
43 86 25990
43 87 52206
43 88 8136
43 89 41584
43 90 30510
43 91 45878
43 92 9944
43 93 51528
43 94 43166
43 95 25312
43 96 14464
43 97 904
43 98 48138
43 99 18080
43 100 3164
44 44 -2379411
44 45 31329
44 46 8850
44 47 34515
44 48 19824
44 49 42126
44 50 41949
44 51 28851
44 52 41418
44 53 17877
44 54 6372
44 55 43188
44 56 8673
44 57 18762
44 58 31860
44 59 12036
44 60 30975
44 61 31506
44 62 23364
44 63 34692
44 64 44250
44 65 22656
44 66 28674
44 67 18939
44 68 26373
44 69 12567
44 70 32568
44 71 41241
44 72 21240
44 73 33807
44 74 39294
44 75 40179
44 76 20886
44 77 2832
44 78 30444
44 79 44604
44 80 7788
44 81 7257
44 82 33099
44 83 14868
44 84 1770
44 85 43719
44 86 20355
44 87 40887
44 88 6372
44 89 32568
44 90 23895
44 91 35931
44 92 7788
44 93 40356
44 94 33807
44 95 19824
44 96 11328
44 97 708
44 98 37701
44 99 14160
44 100 2478
45 45 -2379411
45 46 8850
45 47 34515
45 48 19824
45 49 42126
45 50 41949
45 51 28851
45 52 41418
45 53 17877
45 54 6372
45 55 43188
45 56 8673
45 57 18762
45 58 31860
45 59 12036
45 60 30975
45 61 31506
45 62 23364
45 63 34692
45 64 44250
45 65 22656
45 66 28674
45 67 18939
45 68 26373
45 69 12567
45 70 32568
45 71 41241
45 72 21240
45 73 33807
45 74 39294
45 75 40179
45 76 20886
45 77 2832
45 78 30444
45 79 44604
45 80 7788
45 81 7257
45 82 33099
45 83 14868
45 84 1770
45 85 43719
45 86 20355
45 87 40887
45 88 6372
45 89 32568
45 90 23895
45 91 35931
45 92 7788
45 93 40356
45 94 33807
45 95 19824
45 96 11328
45 97 708
45 98 37701
45 99 14160
45 100 2478
46 46 -678500
46 47 9750
46 48 5600
46 49 11900
46 50 11850
46 51 8150
46 52 11700
46 53 5050
46 54 1800
46 55 12200
46 56 2450
46 57 5300
46 58 9000
46 59 3400
46 60 8750
46 61 8900
46 62 6600
46 63 9800
46 64 12500
46 65 6400
46 66 8100
46 67 5350
46 68 7450
46 69 3550
46 70 9200
46 71 11650
46 72 6000
46 73 9550
46 74 11100
46 75 11350
46 76 5900
46 77 800
46 78 8600
46 79 12600
46 80 2200
46 81 2050
46 82 9350
46 83 4200
46 84 500
46 85 12350
46 86 5750
46 87 11550
46 88 1800
46 89 9200
46 90 6750
46 91 10150
46 92 2200
46 93 11400
46 94 9550
46 95 5600
46 96 3200
46 97 200
46 98 10650
46 99 4000
46 100 700
47 47 -2617875
47 48 21840
47 49 46410
47 50 46215
47 51 31785
47 52 45630
47 53 19695
47 54 7020
47 55 47580
47 56 9555
47 57 20670
47 58 35100
47 59 13260
47 60 34125
47 61 34710
47 62 25740
47 63 38220
47 64 48750
47 65 24960
47 66 31590
47 67 20865
47 68 29055
47 69 13845
47 70 35880
47 71 45435
47 72 23400
47 73 37245
47 74 43290
47 75 44265
47 76 23010
47 77 3120
47 78 33540
47 79 49140
47 80 8580
47 81 7995
47 82 36465
47 83 16380
47 84 1950
47 85 48165
47 86 22425
47 87 45045
47 88 7020
47 89 35880
47 90 26325
47 91 39585
47 92 8580
47 93 44460
47 94 37245
47 95 21840
47 96 12480
47 97 780
47 98 41535
47 99 15600
47 100 2730
48 48 -1512896
48 49 26656
48 50 26544
48 51 18256
48 52 26208
48 53 11312
48 54 4032
48 55 27328
48 56 5488
48 57 11872
48 58 20160
48 59 7616
48 60 19600
48 61 19936
48 62 14784
48 63 21952
48 64 28000
48 65 14336
48 66 18144
48 67 11984
48 68 16688
48 69 7952
48 70 20608
48 71 26096
48 72 13440
48 73 21392
48 74 24864
48 75 25424
48 76 13216
48 77 1792
48 78 19264
48 79 28224
48 80 4928
48 81 4592
48 82 20944
48 83 9408
48 84 1120
48 85 27664
48 86 12880
48 87 25872
48 88 4032
48 89 20608
48 90 15120
48 91 22736
48 92 4928
48 93 25536
48 94 21392
48 95 12544
48 96 7168
48 97 448
48 98 23856
48 99 8960
48 100 1568
49 49 -3184916
49 50 56406
49 51 38794
49 52 55692
49 53 24038
49 54 8568
49 55 58072
49 56 11662
49 57 25228
49 58 42840
49 59 16184
49 60 41650
49 61 42364
49 62 31416
49 63 46648
49 64 59500
49 65 30464
49 66 38556
49 67 25466
49 68 35462
49 69 16898
49 70 43792
49 71 55454
49 72 28560
49 73 45458
49 74 52836
49 75 54026
49 76 28084
49 77 3808
49 78 40936
49 79 59976
49 80 10472
49 81 9758
49 82 44506
49 83 19992
49 84 2380
49 85 58786
49 86 27370
49 87 54978
49 88 8568
49 89 43792
49 90 32130
49 91 48314
49 92 10472
49 93 54264
49 94 45458
49 95 26656
49 96 15232
49 97 952
49 98 50694
49 99 19040
49 100 3332
50 50 -3171771
50 51 38631
50 52 55458
50 53 23937
50 54 8532
50 55 57828
50 56 11613
50 57 25122
50 58 42660
50 59 16116
50 60 41475
50 61 42186
50 62 31284
50 63 46452
50 64 59250
50 65 30336
50 66 38394
50 67 25359
50 68 35313
50 69 16827
50 70 43608
50 71 55221
50 72 28440
50 73 45267
50 74 52614
50 75 53799
50 76 27966
50 77 3792
50 78 40764
50 79 59724
50 80 10428
50 81 9717
50 82 44319
50 83 19908
50 84 2370
50 85 58539
50 86 27255
50 87 54747
50 88 8532
50 89 43608
50 90 31995
50 91 48111
50 92 10428
50 93 54036
50 94 45267
50 95 26544
50 96 15168
50 97 948
50 98 50481
50 99 18960
50 100 3318
51 51 -2193491
51 52 38142
51 53 16463
51 54 5868
51 55 39772
51 56 7987
51 57 17278
51 58 29340
51 59 11084
51 60 28525
51 61 29014
51 62 21516
51 63 31948
51 64 40750
51 65 20864
51 66 26406
51 67 17441
51 68 24287
51 69 11573
51 70 29992
51 71 37979
51 72 19560
51 73 31133
51 74 36186
51 75 37001
51 76 19234
51 77 2608
51 78 28036
51 79 41076
51 80 7172
51 81 6683
51 82 30481
51 83 13692
51 84 1630
51 85 40261
51 86 18745
51 87 37653
51 88 5868
51 89 29992
51 90 22005
51 91 33089
51 92 7172
51 93 37164
51 94 31133
51 95 18256
51 96 10432
51 97 652
51 98 34719
51 99 13040
51 100 2282
52 52 -3132324
52 53 23634
52 54 8424
52 55 57096
52 56 11466
52 57 24804
52 58 42120
52 59 15912
52 60 40950
52 61 41652
52 62 30888
52 63 45864
52 64 58500
52 65 29952
52 66 37908
52 67 25038
52 68 34866
52 69 16614
52 70 43056
52 71 54522
52 72 28080
52 73 44694
52 74 51948
52 75 53118
52 76 27612
52 77 3744
52 78 40248
52 79 58968
52 80 10296
52 81 9594
52 82 43758
52 83 19656
52 84 2340
52 85 57798
52 86 26910
52 87 54054
52 88 8424
52 89 43056
52 90 31590
52 91 47502
52 92 10296
52 93 53352
52 94 44694
52 95 26208
52 96 14976
52 97 936
52 98 49842
52 99 18720
52 100 3276
53 53 -1365419
53 54 3636
53 55 24644
53 56 4949
53 57 10706
53 58 18180
53 59 6868
53 60 17675
53 61 17978
53 62 13332
53 63 19796
53 64 25250
53 65 12928
53 66 16362
53 67 10807
53 68 15049
53 69 7171
53 70 18584
53 71 23533
53 72 12120
53 73 19291
53 74 22422
53 75 22927
53 76 11918
53 77 1616
53 78 17372
53 79 25452
53 80 4444
53 81 4141
53 82 18887
53 83 8484
53 84 1010
53 85 24947
53 86 11615
53 87 23331
53 88 3636
53 89 18584
53 90 13635
53 91 20503
53 92 4444
53 93 23028
53 94 19291
53 95 11312
53 96 6464
53 97 404
53 98 21513
53 99 8080
53 100 1414
54 54 -489024
54 55 8784
54 56 1764
54 57 3816
54 58 6480
54 59 2448
54 60 6300
54 61 6408
54 62 4752
54 63 7056
54 64 9000
54 65 4608
54 66 5832
54 67 3852
54 68 5364
54 69 2556
54 70 6624
54 71 8388
54 72 4320
54 73 6876
54 74 7992
54 75 8172
54 76 4248
54 77 576
54 78 6192
54 79 9072
54 80 1584
54 81 1476
54 82 6732
54 83 3024
54 84 360
54 85 8892
54 86 4140
54 87 8316
54 88 1296
54 89 6624
54 90 4860
54 91 7308
54 92 1584
54 93 8208
54 94 6876
54 95 4032
54 96 2304
54 97 144
54 98 7668
54 99 2880
54 100 504
55 55 -3263744
55 56 11956
55 57 25864
55 58 43920
55 59 16592
55 60 42700
55 61 43432
55 62 32208
55 63 47824
55 64 61000
55 65 31232
55 66 39528
55 67 26108
55 68 36356
55 69 17324
55 70 44896
55 71 56852
55 72 29280
55 73 46604
55 74 54168
55 75 55388
55 76 28792
55 77 3904
55 78 41968
55 79 61488
55 80 10736
55 81 10004
55 82 45628
55 83 20496
55 84 2440
55 85 60268
55 86 28060
55 87 56364
55 88 8784
55 89 44896
55 90 32940
55 91 49532
55 92 10736
55 93 55632
55 94 46604
55 95 27328
55 96 15616
55 97 976
55 98 51972
55 99 19520
55 100 3416
56 56 -664979
56 57 5194
56 58 8820
56 59 3332
56 60 8575
56 61 8722
56 62 6468
56 63 9604
56 64 12250
56 65 6272
56 66 7938
56 67 5243
56 68 7301
56 69 3479
56 70 9016
56 71 11417
56 72 5880
56 73 9359
56 74 10878
56 75 11123
56 76 5782
56 77 784
56 78 8428
56 79 12348
56 80 2156
56 81 2009
56 82 9163
56 83 4116
56 84 490
56 85 12103
56 86 5635
56 87 11319
56 88 1764
56 89 9016
56 90 6615
56 91 9947
56 92 2156
56 93 11172
56 94 9359
56 95 5488
56 96 3136
56 97 196
56 98 10437
56 99 3920
56 100 686
57 57 -1432484
57 58 19080
57 59 7208
57 60 18550
57 61 18868
57 62 13992
57 63 20776
57 64 26500
57 65 13568
57 66 17172
57 67 11342
57 68 15794
57 69 7526
57 70 19504
57 71 24698
57 72 12720
57 73 20246
57 74 23532
57 75 24062
57 76 12508
57 77 1696
57 78 18232
57 79 26712
57 80 4664
57 81 4346
57 82 19822
57 83 8904
57 84 1060
57 85 26182
57 86 12190
57 87 24486
57 88 3816
57 89 19504
57 90 14310
57 91 21518
57 92 4664
57 93 24168
57 94 20246
57 95 11872
57 96 6784
57 97 424
57 98 22578
57 99 8480
57 100 1484
58 58 -2419200
58 59 12240
58 60 31500
58 61 32040
58 62 23760
58 63 35280
58 64 45000
58 65 23040
58 66 29160
58 67 19260
58 68 26820
58 69 12780
58 70 33120
58 71 41940
58 72 21600
58 73 34380
58 74 39960
58 75 40860
58 76 21240
58 77 2880
58 78 30960
58 79 45360
58 80 7920
58 81 7380
58 82 33660
58 83 15120
58 84 1800
58 85 44460
58 86 20700
58 87 41580
58 88 6480
58 89 33120
58 90 24300
58 91 36540
58 92 7920
58 93 41040
58 94 34380
58 95 20160
58 96 11520
58 97 720
58 98 38340
58 99 14400
58 100 2520
59 59 -921536
59 60 11900
59 61 12104
59 62 8976
59 63 13328
59 64 17000
59 65 8704
59 66 11016
59 67 7276
59 68 10132
59 69 4828
59 70 12512
59 71 15844
59 72 8160
59 73 12988
59 74 15096
59 75 15436
59 76 8024
59 77 1088
59 78 11696
59 79 17136
59 80 2992
59 81 2788
59 82 12716
59 83 5712
59 84 680
59 85 16796
59 86 7820
59 87 15708
59 88 2448
59 89 12512
59 90 9180
59 91 13804
59 92 2992
59 93 15504
59 94 12988
59 95 7616
59 96 4352
59 97 272
59 98 14484
59 99 5440
59 100 952
60 60 -2352875
60 61 31150
60 62 23100
60 63 34300
60 64 43750
60 65 22400
60 66 28350
60 67 18725
60 68 26075
60 69 12425
60 70 32200
60 71 40775
60 72 21000
60 73 33425
60 74 38850
60 75 39725
60 76 20650
60 77 2800
60 78 30100
60 79 44100
60 80 7700
60 81 7175
60 82 32725
60 83 14700
60 84 1750
60 85 43225
60 86 20125
60 87 40425
60 88 6300
60 89 32200
60 90 23625
60 91 35525
60 92 7700
60 93 39900
60 94 33425
60 95 19600
60 96 11200
60 97 700
60 98 37275
60 99 14000
60 100 2450
61 61 -2392676
61 62 23496
61 63 34888
61 64 44500
61 65 22784
61 66 28836
61 67 19046
61 68 26522
61 69 12638
61 70 32752
61 71 41474
61 72 21360
61 73 33998
61 74 39516
61 75 40406
61 76 21004
61 77 2848
61 78 30616
61 79 44856
61 80 7832
61 81 7298
61 82 33286
61 83 14952
61 84 1780
61 85 43966
61 86 20470
61 87 41118
61 88 6408
61 89 32752
61 90 24030
61 91 36134
61 92 7832
61 93 40584
61 94 33998
61 95 19936
61 96 11392
61 97 712
61 98 37914
61 99 14240
61 100 2492
62 62 -1780416
62 63 25872
62 64 33000
62 65 16896
62 66 21384
62 67 14124
62 68 19668
62 69 9372
62 70 24288
62 71 30756
62 72 15840
62 73 25212
62 74 29304
62 75 29964
62 76 15576
62 77 2112
62 78 22704
62 79 33264
62 80 5808
62 81 5412
62 82 24684
62 83 11088
62 84 1320
62 85 32604
62 86 15180
62 87 30492
62 88 4752
62 89 24288
62 90 17820
62 91 26796
62 92 5808
62 93 30096
62 94 25212
62 95 14784
62 96 8448
62 97 528
62 98 28116
62 99 10560
62 100 1848
63 63 -2631104
63 64 49000
63 65 25088
63 66 31752
63 67 20972
63 68 29204
63 69 13916
63 70 36064
63 71 45668
63 72 23520
63 73 37436
63 74 43512
63 75 44492
63 76 23128
63 77 3136
63 78 33712
63 79 49392
63 80 8624
63 81 8036
63 82 36652
63 83 16464
63 84 1960
63 85 48412
63 86 22540
63 87 45276
63 88 7056
63 89 36064
63 90 26460
63 91 39788
63 92 8624
63 93 44688
63 94 37436
63 95 21952
63 96 12544
63 97 784
63 98 41748
63 99 15680
63 100 2744
64 64 -3342500
64 65 32000
64 66 40500
64 67 26750
64 68 37250
64 69 17750
64 70 46000
64 71 58250
64 72 30000
64 73 47750
64 74 55500
64 75 56750
64 76 29500
64 77 4000
64 78 43000
64 79 63000
64 80 11000
64 81 10250
64 82 46750
64 83 21000
64 84 2500
64 85 61750
64 86 28750
64 87 57750
64 88 9000
64 89 46000
64 90 33750
64 91 50750
64 92 11000
64 93 57000
64 94 47750
64 95 28000
64 96 16000
64 97 1000
64 98 53250
64 99 20000
64 100 3500
65 65 -1726976
65 66 20736
65 67 13696
65 68 19072
65 69 9088
65 70 23552
65 71 29824
65 72 15360
65 73 24448
65 74 28416
65 75 29056
65 76 15104
65 77 2048
65 78 22016
65 79 32256
65 80 5632
65 81 5248
65 82 23936
65 83 10752
65 84 1280
65 85 31616
65 86 14720
65 87 29568
65 88 4608
65 89 23552
65 90 17280
65 91 25984
65 92 5632
65 93 29184
65 94 24448
65 95 14336
65 96 8192
65 97 512
65 98 27264
65 99 10240
65 100 1792
66 66 -2180196
66 67 17334
66 68 24138
66 69 11502
66 70 29808
66 71 37746
66 72 19440
66 73 30942
66 74 35964
66 75 36774
66 76 19116
66 77 2592
66 78 27864
66 79 40824
66 80 7128
66 81 6642
66 82 30294
66 83 13608
66 84 1620
66 85 40014
66 86 18630
66 87 37422
66 88 5832
66 89 29808
66 90 21870
66 91 32886
66 92 7128
66 93 36936
66 94 30942
66 95 18144
66 96 10368
66 97 648
66 98 34506
66 99 12960
66 100 2268
67 67 -1445891
67 68 15943
67 69 7597
67 70 19688
67 71 24931
67 72 12840
67 73 20437
67 74 23754
67 75 24289
67 76 12626
67 77 1712
67 78 18404
67 79 26964
67 80 4708
67 81 4387
67 82 20009
67 83 8988
67 84 1070
67 85 26429
67 86 12305
67 87 24717
67 88 3852
67 89 19688
67 90 14445
67 91 21721
67 92 4708
67 93 24396
67 94 20437
67 95 11984
67 96 6848
67 97 428
67 98 22791
67 99 8560
67 100 1498
68 68 -2007179
68 69 10579
68 70 27416
68 71 34717
68 72 17880
68 73 28459
68 74 33078
68 75 33823
68 76 17582
68 77 2384
68 78 25628
68 79 37548
68 80 6556
68 81 6109
68 82 27863
68 83 12516
68 84 1490
68 85 36803
68 86 17135
68 87 34419
68 88 5364
68 89 27416
68 90 20115
68 91 30247
68 92 6556
68 93 33972
68 94 28459
68 95 16688
68 96 9536
68 97 596
68 98 31737
68 99 11920
68 100 2086
69 69 -961979
69 70 13064
69 71 16543
69 72 8520
69 73 13561
69 74 15762
69 75 16117
69 76 8378
69 77 1136
69 78 12212
69 79 17892
69 80 3124
69 81 2911
69 82 13277
69 83 5964
69 84 710
69 85 17537
69 86 8165
69 87 16401
69 88 2556
69 89 13064
69 90 9585
69 91 14413
69 92 3124
69 93 16188
69 94 13561
69 95 7952
69 96 4544
69 97 284
69 98 15123
69 99 5680
69 100 994
70 70 -2472224
70 71 42872
70 72 22080
70 73 35144
70 74 40848
70 75 41768
70 76 21712
70 77 2944
70 78 31648
70 79 46368
70 80 8096
70 81 7544
70 82 34408
70 83 15456
70 84 1840
70 85 45448
70 86 21160
70 87 42504
70 88 6624
70 89 33856
70 90 24840
70 91 37352
70 92 8096
70 93 41952
70 94 35144
70 95 20608
70 96 11776
70 97 736
70 98 39192
70 99 14720
70 100 2576
71 71 -3119171
71 72 27960
71 73 44503
71 74 51726
71 75 52891
71 76 27494
71 77 3728
71 78 40076
71 79 58716
71 80 10252
71 81 9553
71 82 43571
71 83 19572
71 84 2330
71 85 57551
71 86 26795
71 87 53823
71 88 8388
71 89 42872
71 90 31455
71 91 47299
71 92 10252
71 93 53124
71 94 44503
71 95 26096
71 96 14912
71 97 932
71 98 49629
71 99 18640
71 100 3262
72 72 -1620000
72 73 22920
72 74 26640
72 75 27240
72 76 14160
72 77 1920
72 78 20640
72 79 30240
72 80 5280
72 81 4920
72 82 22440
72 83 10080
72 84 1200
72 85 29640
72 86 13800
72 87 27720
72 88 4320
72 89 22080
72 90 16200
72 91 24360
72 92 5280
72 93 27360
72 94 22920
72 95 13440
72 96 7680
72 97 480
72 98 25560
72 99 9600
72 100 1680
73 73 -2564939
73 74 42402
73 75 43357
73 76 22538
73 77 3056
73 78 32852
73 79 48132
73 80 8404
73 81 7831
73 82 35717
73 83 16044
73 84 1910
73 85 47177
73 86 21965
73 87 44121
73 88 6876
73 89 35144
73 90 25785
73 91 38773
73 92 8404
73 93 43548
73 94 36481
73 95 21392
73 96 12224
73 97 764
73 98 40683
73 99 15280
73 100 2674
74 74 -2974356
74 75 50394
74 76 26196
74 77 3552
74 78 38184
74 79 55944
74 80 9768
74 81 9102
74 82 41514
74 83 18648
74 84 2220
74 85 54834
74 86 25530
74 87 51282
74 88 7992
74 89 40848
74 90 29970
74 91 45066
74 92 9768
74 93 50616
74 94 42402
74 95 24864
74 96 14208
74 97 888
74 98 47286
74 99 17760
74 100 3108
75 75 -3040211
75 76 26786
75 77 3632
75 78 39044
75 79 57204
75 80 9988
75 81 9307
75 82 42449
75 83 19068
75 84 2270
75 85 56069
75 86 26105
75 87 52437
75 88 8172
75 89 41768
75 90 30645
75 91 46081
75 92 9988
75 93 51756
75 94 43357
75 95 25424
75 96 14528
75 97 908
75 98 48351
75 99 18160
75 100 3178
76 76 -1593236
76 77 1888
76 78 20296
76 79 29736
76 80 5192
76 81 4838
76 82 22066
76 83 9912
76 84 1180
76 85 29146
76 86 13570
76 87 27258
76 88 4248
76 89 21712
76 90 15930
76 91 23954
76 92 5192
76 93 26904
76 94 22538
76 95 13216
76 96 7552
76 97 472
76 98 25134
76 99 9440
76 100 1652
77 77 -217664
77 78 2752
77 79 4032
77 80 704
77 81 656
77 82 2992
77 83 1344
77 84 160
77 85 3952
77 86 1840
77 87 3696
77 88 576
77 89 2944
77 90 2160
77 91 3248
77 92 704
77 93 3648
77 94 3056
77 95 1792
77 96 1024
77 97 64
77 98 3408
77 99 1280
77 100 224
78 78 -2313056
78 79 43344
78 80 7568
78 81 7052
78 82 32164
78 83 14448
78 84 1720
78 85 42484
78 86 19780
78 87 39732
78 88 6192
78 89 31648
78 90 23220
78 91 34916
78 92 7568
78 93 39216
78 94 32852
78 95 19264
78 96 11008
78 97 688
78 98 36636
78 99 13760
78 100 2408
79 79 -3368736
79 80 11088
79 81 10332
79 82 47124
79 83 21168
79 84 2520
79 85 62244
79 86 28980
79 87 58212
79 88 9072
79 89 46368
79 90 34020
79 91 51156
79 92 11088
79 93 57456
79 94 48132
79 95 28224
79 96 16128
79 97 1008
79 98 53676
79 99 20160
79 100 3528
80 80 -597344
80 81 1804
80 82 8228
80 83 3696
80 84 440
80 85 10868
80 86 5060
80 87 10164
80 88 1584
80 89 8096
80 90 5940
80 91 8932
80 92 1936
80 93 10032
80 94 8404
80 95 4928
80 96 2816
80 97 176
80 98 9372
80 99 3520
80 100 616
81 81 -556739
81 82 7667
81 83 3444
81 84 410
81 85 10127
81 86 4715
81 87 9471
81 88 1476
81 89 7544
81 90 5535
81 91 8323
81 92 1804
81 93 9348
81 94 7831
81 95 4592
81 96 2624
81 97 164
81 98 8733
81 99 3280
81 100 574
82 82 -2511971
82 83 15708
82 84 1870
82 85 46189
82 86 21505
82 87 43197
82 88 6732
82 89 34408
82 90 25245
82 91 37961
82 92 8228
82 93 42636
82 94 35717
82 95 20944
82 96 11968
82 97 748
82 98 39831
82 99 14960
82 100 2618
83 83 -1137024
83 84 840
83 85 20748
83 86 9660
83 87 19404
83 88 3024
83 89 15456
83 90 11340
83 91 17052
83 92 3696
83 93 19152
83 94 16044
83 95 9408
83 96 5376
83 97 336
83 98 17892
83 99 6720
83 100 1176
84 84 -136100
84 85 2470
84 86 1150
84 87 2310
84 88 360
84 89 1840
84 90 1350
84 91 2030
84 92 440
84 93 2280
84 94 1910
84 95 1120
84 96 640
84 97 40
84 98 2130
84 99 800
84 100 140
85 85 -3303131
85 86 28405
85 87 57057
85 88 8892
85 89 45448
85 90 33345
85 91 50141
85 92 10868
85 93 56316
85 94 47177
85 95 27664
85 96 15808
85 97 988
85 98 52611
85 99 19760
85 100 3458
86 86 -1553075
86 87 26565
86 88 4140
86 89 21160
86 90 15525
86 91 23345
86 92 5060
86 93 26220
86 94 21965
86 95 12880
86 96 7360
86 97 460
86 98 24495
86 99 9200
86 100 1610
87 87 -3092859
87 88 8316
87 89 42504
87 90 31185
87 91 46893
87 92 10164
87 93 52668
87 94 44121
87 95 25872
87 96 14784
87 97 924
87 98 49203
87 99 18480
87 100 3234
88 88 -489024
88 89 6624
88 90 4860
88 91 7308
88 92 1584
88 93 8208
88 94 6876
88 95 4032
88 96 2304
88 97 144
88 98 7668
88 99 2880
88 100 504
89 89 -2472224
89 90 24840
89 91 37352
89 92 8096
89 93 41952
89 94 35144
89 95 20608
89 96 11776
89 97 736
89 98 39192
89 99 14720
89 100 2576
90 90 -1820475
90 91 27405
90 92 5940
90 93 30780
90 94 25785
90 95 15120
90 96 8640
90 97 540
90 98 28755
90 99 10800
90 100 1890
91 91 -2723651
91 92 8932
91 93 46284
91 94 38773
91 95 22736
91 96 12992
91 97 812
91 98 43239
91 99 16240
91 100 2842
92 92 -597344
92 93 10032
92 94 8404
92 95 4928
92 96 2816
92 97 176
92 98 9372
92 99 3520
92 100 616
93 93 -3053376
93 94 43548
93 95 25536
93 96 14592
93 97 912
93 98 48564
93 99 18240
93 100 3192
94 94 -2564939
94 95 21392
94 96 12224
94 97 764
94 98 40683
94 99 15280
94 100 2674
95 95 -1512896
95 96 7168
95 97 448
95 98 23856
95 99 8960
95 100 1568
96 96 -867584
96 97 256
96 98 13632
96 99 5120
96 100 896
97 97 -54464
97 98 852
97 99 320
97 100 56
98 98 -2855691
98 99 17040
98 100 2982
99 99 -1083200
99 100 1120
100 100 -190484
